%航迹1

%匀速直线
X = [4500;100;0;4500;50;0;50;10;0];%初始状态

F


